      S          PHI         IOTA        SHEAR        VP         WELL        ITOR       ITOR'       PRES       PRES'
------------------------------------------------------------------------------------------------------------------------
  7.1429E-03  6.8571E-04 -1.5492E+00 -1.8140E-01  1.1637E+01  3.6143E+00  1.3385E-18  1.1184E-15  0.0000E+00  0.0000E+00
  1.4286E-02  1.3714E-03 -1.5512E+00 -3.3381E-01  1.1635E+01  4.1514E+00  1.5966E-20 -1.4502E-15  0.0000E+00  0.0000E+00
  2.1429E-02  2.0571E-03 -1.5533E+00 -1.9461E-01  1.1632E+01  4.1734E+00  6.3226E-18  3.0320E-15  0.0000E+00  0.0000E+00
  2.8571E-02  2.7429E-03 -1.5546E+00 -1.1892E-01  1.1629E+01  4.2636E+00 -4.9229E-18 -5.8532E-15  0.0000E+00  0.0000E+00
  3.5714E-02  3.4286E-03 -1.5554E+00 -8.4957E-02  1.1626E+01  4.3152E+00 -5.3125E-17 -6.2379E-15  0.0000E+00  0.0000E+00
  4.2857E-02  4.1143E-03 -1.5560E+00 -7.0809E-02  1.1623E+01  4.3481E+00 -6.3279E-18  1.7983E-14  0.0000E+00  0.0000E+00
  5.0000E-02  4.8000E-03 -1.5565E+00 -6.5670E-02  1.1620E+01  4.3650E+00  3.5296E-17 -7.5395E-15  0.0000E+00  0.0000E+00
  5.7143E-02  5.4857E-03 -1.5571E+00 -6.5041E-02  1.1617E+01  4.3710E+00  2.1608E-17  4.1048E-15  0.0000E+00  0.0000E+00
  6.4286E-02  6.1714E-03 -1.5576E+00 -6.5595E-02  1.1614E+01  4.3702E+00 -2.1565E-17 -1.4948E-14  0.0000E+00  0.0000E+00
  7.1429E-02  6.8571E-03 -1.5581E+00 -6.6778E-02  1.1611E+01  4.3657E+00 -1.5913E-17  1.6371E-14  0.0000E+00  0.0000E+00
  7.8571E-02  7.5429E-03 -1.5587E+00 -6.7425E-02  1.1608E+01  4.3597E+00  5.2518E-17  8.1838E-16  0.0000E+00  0.0000E+00
  8.5714E-02  8.2286E-03 -1.5592E+00 -6.8069E-02  1.1605E+01  4.3521E+00 -6.9187E-19 -1.4192E-14  0.0000E+00  0.0000E+00
  9.2857E-02  8.9143E-03 -1.5597E+00 -6.8176E-02  1.1602E+01  4.3445E+00 -6.0938E-17 -9.4992E-16  0.0000E+00  0.0000E+00
  1.0000E-01  9.6000E-03 -1.5603E+00 -6.8347E-02  1.1599E+01  4.3361E+00 -4.8399E-17  4.1031E-15  0.0000E+00  0.0000E+00
  1.0714E-01  1.0286E-02 -1.5608E+00 -6.8204E-02  1.1596E+01  4.3273E+00 -3.4423E-17 -5.8898E-16  0.0000E+00  0.0000E+00
  1.1429E-01  1.0971E-02 -1.5614E+00 -6.8230E-02  1.1593E+01  4.3188E+00 -2.1129E-17  3.9338E-15  0.0000E+00  0.0000E+00
  1.2143E-01  1.1657E-02 -1.5619E+00 -6.8071E-02  1.1590E+01  4.3104E+00  1.6158E-17  5.4482E-15  0.0000E+00  0.0000E+00
  1.2857E-01  1.2343E-02 -1.5624E+00 -6.8094E-02  1.1587E+01  4.3021E+00  1.0142E-16  1.6011E-14  0.0000E+00  0.0000E+00
  1.3571E-01  1.3029E-02 -1.5630E+00 -6.8004E-02  1.1584E+01  4.2933E+00  5.1039E-17 -2.8699E-14  0.0000E+00  0.0000E+00
  1.4286E-01  1.3714E-02 -1.5635E+00 -6.8109E-02  1.1581E+01  4.2843E+00 -8.5898E-18  1.3690E-14  0.0000E+00  0.0000E+00
  1.5000E-01  1.4400E-02 -1.5641E+00 -6.8136E-02  1.1579E+01  4.2752E+00  5.4892E-17  2.2979E-15  0.0000E+00  0.0000E+00
  1.5714E-01  1.5086E-02 -1.5646E+00 -6.8343E-02  1.1576E+01  4.2657E+00 -8.7921E-18 -1.8345E-14  0.0000E+00  0.0000E+00
  1.6429E-01  1.5771E-02 -1.5652E+00 -6.8453E-02  1.1573E+01  4.2557E+00 -1.1101E-16 -7.4121E-15  0.0000E+00  0.0000E+00
  1.7143E-01  1.6457E-02 -1.5657E+00 -6.8703E-02  1.1570E+01  4.2454E+00 -1.0889E-16  7.9480E-15  0.0000E+00  0.0000E+00
  1.7857E-01  1.7143E-02 -1.5662E+00 -6.8876E-02  1.1567E+01  4.2348E+00  1.6562E-17  2.3684E-14  0.0000E+00  0.0000E+00
  1.8571E-01  1.7829E-02 -1.5668E+00 -6.9173E-02  1.1564E+01  4.2236E+00  1.7554E-16  1.6409E-14  0.0000E+00  0.0000E+00
  1.9286E-01  1.8514E-02 -1.5673E+00 -6.9382E-02  1.1561E+01  4.2122E+00  8.7026E-17 -3.8744E-14  0.0000E+00  0.0000E+00
  2.0000E-01  1.9200E-02 -1.5679E+00 -6.9700E-02  1.1558E+01  4.2006E+00 -2.3545E-17  1.0851E-14  0.0000E+00  0.0000E+00
  2.0714E-01  1.9886E-02 -1.5684E+00 -6.9944E-02  1.1555E+01  4.1887E+00  3.6616E-17  4.3309E-15  0.0000E+00  0.0000E+00
  2.1429E-01  2.0571E-02 -1.5690E+00 -7.0295E-02  1.1552E+01  4.1760E+00 -3.9043E-17 -2.3434E-14  0.0000E+00  0.0000E+00
  2.2143E-01  2.1257E-02 -1.5696E+00 -7.0568E-02  1.1550E+01  4.1633E+00 -4.9112E-17  2.0897E-14  0.0000E+00  0.0000E+00
  2.2857E-01  2.1943E-02 -1.5701E+00 -7.0935E-02  1.1547E+01  4.1501E+00  3.4168E-17  1.3443E-16  0.0000E+00  0.0000E+00
  2.3571E-01  2.2629E-02 -1.5707E+00 -7.1239E-02  1.1544E+01  4.1363E+00  6.2587E-18 -7.1859E-15  0.0000E+00  0.0000E+00
  2.4286E-01  2.3314E-02 -1.5712E+00 -7.1616E-02  1.1541E+01  4.1222E+00 -3.4423E-17 -3.0935E-15  0.0000E+00  0.0000E+00
  2.5000E-01  2.4000E-02 -1.5718E+00 -7.1923E-02  1.1538E+01  4.1080E+00 -1.1291E-16 -1.6747E-14  0.0000E+00  0.0000E+00
  2.5714E-01  2.4686E-02 -1.5724E+00 -7.2307E-02  1.1535E+01  4.0933E+00 -1.4233E-16  9.3119E-15  0.0000E+00  0.0000E+00
  2.6429E-01  2.5371E-02 -1.5730E+00 -7.2633E-02  1.1533E+01  4.0778E+00  8.6750E-17  4.8622E-14  0.0000E+00  0.0000E+00
  2.7143E-01  2.6057E-02 -1.5735E+00 -7.3015E-02  1.1530E+01  4.0622E+00  1.4929E-16 -3.2812E-14  0.0000E+00  0.0000E+00
  2.7857E-01  2.6743E-02 -1.5741E+00 -7.3347E-02  1.1527E+01  4.0463E+00 -1.0678E-16 -3.1974E-14  0.0000E+00  0.0000E+00
  2.8571E-01  2.7429E-02 -1.5747E+00 -7.3744E-02  1.1524E+01  4.0297E+00 -5.6201E-18  5.7585E-14  0.0000E+00  0.0000E+00
  2.9286E-01  2.8114E-02 -1.5753E+00 -7.4076E-02  1.1522E+01  4.0128E+00  1.5330E-16 -1.7369E-14  0.0000E+00  0.0000E+00
  3.0000E-01  2.8800E-02 -1.5759E+00 -7.4454E-02  1.1519E+01  3.9957E+00 -3.3146E-17 -2.9836E-14  0.0000E+00  0.0000E+00
  3.0714E-01  2.9486E-02 -1.5765E+00 -7.4786E-02  1.1516E+01  3.9780E+00 -1.6613E-16 -3.8389E-15  0.0000E+00  0.0000E+00
  3.1429E-01  3.0171E-02 -1.5770E+00 -7.5170E-02  1.1513E+01  3.9595E+00 -1.8280E-16 -3.8290E-16  0.0000E+00  0.0000E+00
  3.2143E-01  3.0857E-02 -1.5776E+00 -7.5497E-02  1.1511E+01  3.9410E+00 -2.2925E-16 -1.1387E-14  0.0000E+00  0.0000E+00
  3.2857E-01  3.1543E-02 -1.5782E+00 -7.5869E-02  1.1508E+01  3.9219E+00  9.5584E-18  7.1916E-14  0.0000E+00  0.0000E+00
  3.3571E-01  3.2229E-02 -1.5788E+00 -7.6206E-02  1.1505E+01  3.9022E+00  4.0335E-16  2.7896E-14  0.0000E+00  0.0000E+00
  3.4286E-01  3.2914E-02 -1.5794E+00 -7.6578E-02  1.1503E+01  3.8821E+00  3.7742E-16 -3.4477E-14  0.0000E+00  0.0000E+00
  3.5000E-01  3.3600E-02 -1.5800E+00 -7.6899E-02  1.1500E+01  3.8617E+00  4.6394E-16  5.6427E-14  0.0000E+00  0.0000E+00
  3.5714E-01  3.4286E-02 -1.5807E+00 -7.7261E-02  1.1497E+01  3.8408E+00  3.9162E-16 -7.4786E-14  0.0000E+00  0.0000E+00
  3.6429E-01  3.4971E-02 -1.5813E+00 -7.7594E-02  1.1495E+01  3.8192E+00 -7.7255E-17 -4.4170E-14  0.0000E+00  0.0000E+00
  3.7143E-01  3.5657E-02 -1.5819E+00 -7.7956E-02  1.1492E+01  3.7974E+00 -1.1713E-16  3.4060E-14  0.0000E+00  0.0000E+00
  3.7857E-01  3.6343E-02 -1.5825E+00 -7.8280E-02  1.1489E+01  3.7752E+00 -4.1512E-17 -1.4872E-14  0.0000E+00  0.0000E+00
  3.8571E-01  3.7029E-02 -1.5831E+00 -7.8646E-02  1.1487E+01  3.7523E+00 -3.2754E-16 -5.7751E-14  0.0000E+00  0.0000E+00
  3.9286E-01  3.7714E-02 -1.5837E+00 -7.8971E-02  1.1484E+01  3.7290E+00 -2.3117E-16  8.2240E-14  0.0000E+00  0.0000E+00
  4.0000E-01  3.8400E-02 -1.5844E+00 -7.9326E-02  1.1482E+01  3.7053E+00 -5.5435E-17 -3.7617E-14  0.0000E+00  0.0000E+00
  4.0714E-01  3.9086E-02 -1.5850E+00 -7.9650E-02  1.1479E+01  3.6811E+00  7.1678E-17  6.9922E-14  0.0000E+00  0.0000E+00
  4.1429E-01  3.9771E-02 -1.5856E+00 -8.0011E-02  1.1477E+01  3.6562E+00  6.2247E-17 -7.2334E-14  0.0000E+00  0.0000E+00
  4.2143E-01  4.0457E-02 -1.5862E+00 -8.0334E-02  1.1474E+01  3.6311E+00  3.8468E-17  6.6305E-14  0.0000E+00  0.0000E+00
  4.2857E-01  4.1143E-02 -1.5869E+00 -8.0687E-02  1.1472E+01  3.6054E+00  8.8921E-17 -5.3492E-14  0.0000E+00  0.0000E+00
  4.3571E-01  4.1829E-02 -1.5875E+00 -8.1021E-02  1.1469E+01  3.5789E+00  4.4769E-17  4.2275E-14  0.0000E+00  0.0000E+00
  4.4286E-01  4.2514E-02 -1.5881E+00 -8.1368E-02  1.1467E+01  3.5520E+00  7.2338E-17 -3.5272E-14  0.0000E+00  0.0000E+00
  4.5000E-01  4.3200E-02 -1.5888E+00 -8.1690E-02  1.1464E+01  3.5248E+00  9.7309E-17  4.1633E-14  0.0000E+00  0.0000E+00
  4.5714E-01  4.3886E-02 -1.5894E+00 -8.2044E-02  1.1462E+01  3.4968E+00  4.1780E-16  3.9913E-14  0.0000E+00  0.0000E+00
  4.6429E-01  4.4571E-02 -1.5901E+00 -8.2380E-02  1.1460E+01  3.4682E+00  3.1969E-16 -6.4894E-14  0.0000E+00  0.0000E+00
  4.7143E-01  4.5257E-02 -1.5907E+00 -8.2729E-02  1.1457E+01  3.4393E+00  2.1593E-16  3.8494E-14  0.0000E+00  0.0000E+00
  4.7857E-01  4.5943E-02 -1.5914E+00 -8.3056E-02  1.1455E+01  3.4097E+00  6.0799E-17 -7.8001E-14  0.0000E+00  0.0000E+00
  4.8571E-01  4.6629E-02 -1.5920E+00 -8.3419E-02  1.1453E+01  3.3794E+00 -3.1387E-16 -1.7403E-14  0.0000E+00  0.0000E+00
  4.9286E-01  4.7314E-02 -1.5927E+00 -8.3754E-02  1.1450E+01  3.3487E+00 -2.2189E-16  4.0838E-14  0.0000E+00  0.0000E+00
  5.0000E-01  4.8000E-02 -1.5933E+00 -8.4107E-02  1.1448E+01  3.3174E+00  2.1784E-16  7.1187E-14  0.0000E+00  0.0000E+00
  5.0714E-01  4.8686E-02 -1.5940E+00 -8.4444E-02  1.1446E+01  3.2854E+00  2.5433E-16 -6.1903E-14  0.0000E+00  0.0000E+00
  5.1429E-01  4.9371E-02 -1.5947E+00 -8.4819E-02  1.1443E+01  3.2528E+00 -4.1257E-17 -1.3424E-14  0.0000E+00  0.0000E+00
  5.2143E-01  5.0057E-02 -1.5953E+00 -8.5167E-02  1.1441E+01  3.2198E+00 -2.4298E-16 -3.7999E-14  0.0000E+00  0.0000E+00
  5.2857E-01  5.0743E-02 -1.5960E+00 -8.5528E-02  1.1439E+01  3.1861E+00 -2.0894E-16  4.6686E-14  0.0000E+00  0.0000E+00
  5.3571E-01  5.1429E-02 -1.5967E+00 -8.5893E-02  1.1437E+01  3.1516E+00  1.3435E-16  4.0853E-14  0.0000E+00  0.0000E+00
  5.4286E-01  5.2114E-02 -1.5974E+00 -8.6275E-02  1.1435E+01  3.1166E+00  7.5275E-17 -5.5929E-14  0.0000E+00  0.0000E+00
  5.5000E-01  5.2800E-02 -1.5980E+00 -8.6634E-02  1.1433E+01  3.0812E+00 -3.2967E-16 -4.7370E-14  0.0000E+00  0.0000E+00
  5.5714E-01  5.3486E-02 -1.5987E+00 -8.7022E-02  1.1430E+01  3.0448E+00 -4.8067E-16  8.8488E-15  0.0000E+00  0.0000E+00
  5.6429E-01  5.4171E-02 -1.5994E+00 -8.7411E-02  1.1428E+01  3.0078E+00 -4.6464E-16 -4.7593E-15  0.0000E+00  0.0000E+00
  5.7143E-01  5.4857E-02 -1.6001E+00 -8.7809E-02  1.1426E+01  2.9703E+00 -2.5525E-17  1.1685E-13  0.0000E+00  0.0000E+00
  5.7857E-01  5.5543E-02 -1.6008E+00 -8.8195E-02  1.1424E+01  2.9321E+00  3.9128E-16 -1.0457E-14  0.0000E+00  0.0000E+00
  5.8571E-01  5.6229E-02 -1.6015E+00 -8.8619E-02  1.1422E+01  2.8930E+00  1.6752E-16 -4.6678E-14  0.0000E+00  0.0000E+00
  5.9286E-01  5.6914E-02 -1.6022E+00 -8.9023E-02  1.1420E+01  2.8535E+00 -1.2713E-16 -2.8565E-14  0.0000E+00  0.0000E+00
  6.0000E-01  5.7600E-02 -1.6029E+00 -8.9449E-02  1.1418E+01  2.8133E+00 -1.7097E-16  1.7374E-14  0.0000E+00  0.0000E+00
  6.0714E-01  5.8286E-02 -1.6036E+00 -8.9874E-02  1.1417E+01  2.7723E+00 -2.2940E-16 -3.2306E-14  0.0000E+00  0.0000E+00
  6.1429E-01  5.8971E-02 -1.6043E+00 -9.0325E-02  1.1415E+01  2.7305E+00 -1.1489E-16  6.1571E-14  0.0000E+00  0.0000E+00
  6.2143E-01  5.9657E-02 -1.6050E+00 -9.0765E-02  1.1413E+01  2.6880E+00 -6.4078E-17 -4.8594E-14  0.0000E+00  0.0000E+00
  6.2857E-01  6.0343E-02 -1.6057E+00 -9.1224E-02  1.1411E+01  2.6450E+00 -9.7096E-17  4.0163E-14  0.0000E+00  0.0000E+00
  6.3571E-01  6.1029E-02 -1.6064E+00 -9.1688E-02  1.1409E+01  2.6010E+00 -8.6452E-17 -3.7448E-14  0.0000E+00  0.0000E+00
  6.4286E-01  6.1714E-02 -1.6071E+00 -9.2170E-02  1.1407E+01  2.5563E+00  4.3854E-18  6.0679E-14  0.0000E+00  0.0000E+00
  6.5000E-01  6.2400E-02 -1.6078E+00 -9.2646E-02  1.1406E+01  2.5111E+00  2.6779E-16  6.6687E-15  0.0000E+00  0.0000E+00
  6.5714E-01  6.3086E-02 -1.6086E+00 -9.3146E-02  1.1404E+01  2.4648E+00  8.0683E-17 -5.4523E-14  0.0000E+00  0.0000E+00
  6.6429E-01  6.3771E-02 -1.6093E+00 -9.3659E-02  1.1402E+01  2.4179E+00 -2.5403E-16 -3.1088E-14  0.0000E+00  0.0000E+00
  6.7143E-01  6.4457E-02 -1.6100E+00 -9.4178E-02  1.1401E+01  2.3702E+00 -3.4157E-16  8.6977E-15  0.0000E+00  0.0000E+00
  6.7857E-01  6.5143E-02 -1.6108E+00 -9.4696E-02  1.1399E+01  2.3216E+00 -4.2662E-17  6.7783E-14  0.0000E+00  0.0000E+00
  6.8571E-01  6.5829E-02 -1.6115E+00 -9.5251E-02  1.1397E+01  2.2722E+00  1.2100E-16 -2.5910E-14  0.0000E+00  0.0000E+00
  6.9286E-01  6.6514E-02 -1.6123E+00 -9.5797E-02  1.1396E+01  2.2221E+00 -2.2549E-16 -6.2767E-14  0.0000E+00  0.0000E+00
  7.0000E-01  6.7200E-02 -1.6130E+00 -9.6361E-02  1.1394E+01  2.1712E+00 -5.2710E-17  1.0700E-13  0.0000E+00  0.0000E+00
  7.0714E-01  6.7886E-02 -1.6138E+00 -9.6939E-02  1.1393E+01  2.1193E+00  3.7595E-17 -8.3897E-14  0.0000E+00  0.0000E+00
  7.1429E-01  6.8571E-02 -1.6145E+00 -9.7542E-02  1.1391E+01  2.0667E+00  1.0721E-16  1.0173E-13  0.0000E+00  0.0000E+00
  7.2143E-01  6.9257E-02 -1.6153E+00 -9.8140E-02  1.1390E+01  2.0131E+00  2.3562E-16 -6.8861E-14  0.0000E+00  0.0000E+00
  7.2857E-01  6.9943E-02 -1.6161E+00 -9.8759E-02  1.1389E+01  1.9588E+00 -1.7329E-17  4.0890E-15  0.0000E+00  0.0000E+00
  7.3571E-01  7.0629E-02 -1.6168E+00 -9.9396E-02  1.1387E+01  1.9035E+00  3.8264E-16  9.8354E-14  0.0000E+00  0.0000E+00
  7.4286E-01  7.1314E-02 -1.6176E+00 -1.0004E-01  1.1386E+01  1.8473E+00  4.7886E-16 -7.3716E-14  0.0000E+00  0.0000E+00
  7.5000E-01  7.2000E-02 -1.6184E+00 -1.0070E-01  1.1385E+01  1.7903E+00 -2.2991E-16 -1.0785E-13  0.0000E+00  0.0000E+00
  7.5714E-01  7.2686E-02 -1.6192E+00 -1.0139E-01  1.1384E+01  1.7322E+00 -2.8313E-16  9.4230E-14  0.0000E+00  0.0000E+00
  7.6429E-01  7.3371E-02 -1.6200E+00 -1.0208E-01  1.1382E+01  1.6733E+00  2.0220E-16  3.0122E-14  0.0000E+00  0.0000E+00
  7.7143E-01  7.4057E-02 -1.6208E+00 -1.0279E-01  1.1381E+01  1.6135E+00  1.9228E-16 -3.2667E-14  0.0000E+00  0.0000E+00
  7.7857E-01  7.4743E-02 -1.6216E+00 -1.0351E-01  1.1380E+01  1.5527E+00  1.9504E-16  3.3380E-14  0.0000E+00  0.0000E+00
  7.8571E-01  7.5429E-02 -1.6224E+00 -1.0427E-01  1.1379E+01  1.4909E+00 -3.1089E-16 -1.6306E-13  0.0000E+00  0.0000E+00
  7.9286E-01  7.6114E-02 -1.6232E+00 -1.0502E-01  1.1378E+01  1.4280E+00 -4.3807E-16  1.3048E-13  0.0000E+00  0.0000E+00
  8.0000E-01  7.6800E-02 -1.6240E+00 -1.0579E-01  1.1377E+01  1.3642E+00  1.0742E-16  9.3541E-15  0.0000E+00  0.0000E+00
  8.0714E-01  7.7486E-02 -1.6249E+00 -1.0660E-01  1.1376E+01  1.2995E+00  2.2906E-16  2.1832E-14  0.0000E+00  0.0000E+00
  8.1429E-01  7.8171E-02 -1.6257E+00 -1.0741E-01  1.1375E+01  1.2339E+00  3.5390E-16  1.0174E-14  0.0000E+00  0.0000E+00
  8.2143E-01  7.8857E-02 -1.6265E+00 -1.0824E-01  1.1375E+01  1.1669E+00  3.1217E-16 -2.0874E-14  0.0000E+00  0.0000E+00
  8.2857E-01  7.9543E-02 -1.6274E+00 -1.0909E-01  1.1374E+01  1.0989E+00  2.8577E-16  1.4106E-14  0.0000E+00  0.0000E+00
  8.3571E-01  8.0229E-02 -1.6282E+00 -1.0997E-01  1.1373E+01  1.0302E+00  1.6392E-17 -8.3191E-14  0.0000E+00  0.0000E+00
  8.4286E-01  8.0914E-02 -1.6291E+00 -1.1085E-01  1.1372E+01  9.6007E-01 -2.0054E-16  2.7561E-14  0.0000E+00  0.0000E+00
  8.5000E-01  8.1600E-02 -1.6300E+00 -1.1176E-01  1.1372E+01  8.8867E-01 -2.8020E-16 -4.7994E-14  0.0000E+00  0.0000E+00
  8.5714E-01  8.2286E-02 -1.6308E+00 -1.1270E-01  1.1371E+01  8.1646E-01  9.6351E-17  1.4458E-13  0.0000E+00  0.0000E+00
  8.6429E-01  8.2971E-02 -1.6317E+00 -1.1366E-01  1.1371E+01  7.4332E-01  4.0937E-16 -6.4293E-14  0.0000E+00  0.0000E+00
  8.7143E-01  8.3657E-02 -1.6326E+00 -1.1463E-01  1.1370E+01  6.6853E-01 -4.2108E-17 -5.1517E-14  0.0000E+00  0.0000E+00
  8.7857E-01  8.4343E-02 -1.6335E+00 -1.1562E-01  1.1370E+01  5.9279E-01 -4.8686E-16 -6.2572E-14  0.0000E+00  0.0000E+00
  8.8571E-01  8.5029E-02 -1.6344E+00 -1.1665E-01  1.1369E+01  5.1600E-01 -1.3624E-16  1.5252E-13  0.0000E+00  0.0000E+00
  8.9286E-01  8.5714E-02 -1.6353E+00 -1.1769E-01  1.1369E+01  4.3762E-01  2.0892E-16 -6.3974E-14  0.0000E+00  0.0000E+00
  9.0000E-01  8.6400E-02 -1.6363E+00 -1.1874E-01  1.1369E+01  3.5804E-01 -5.8841E-17 -4.7187E-15  0.0000E+00  0.0000E+00
  9.0714E-01  8.7086E-02 -1.6372E+00 -1.1984E-01  1.1369E+01  2.7762E-01  1.6711E-16  6.2688E-14  0.0000E+00  0.0000E+00
  9.1429E-01  8.7771E-02 -1.6381E+00 -1.2096E-01  1.1368E+01  1.9584E-01  3.4419E-16 -1.7259E-14  0.0000E+00  0.0000E+00
  9.2143E-01  8.8457E-02 -1.6391E+00 -1.2208E-01  1.1368E+01  1.1213E-01  4.7107E-16  4.9811E-14  0.0000E+00  0.0000E+00
  9.2857E-01  8.9143E-02 -1.6400E+00 -1.2325E-01  1.1368E+01  2.7227E-02  2.2225E-16 -1.1365E-13  0.0000E+00  0.0000E+00
  9.3571E-01  8.9829E-02 -1.6410E+00 -1.2445E-01  1.1368E+01 -5.8393E-02 -4.2223E-16 -5.1701E-14  0.0000E+00  0.0000E+00
  9.4286E-01  9.0514E-02 -1.6420E+00 -1.2566E-01  1.1368E+01 -1.4560E-01 -1.9913E-16  1.0894E-13  0.0000E+00  0.0000E+00
  9.5000E-01  9.1200E-02 -1.6429E+00 -1.2690E-01  1.1368E+01 -2.3495E-01  2.6866E-17 -5.0957E-14  0.0000E+00  0.0000E+00
  9.5714E-01  9.1886E-02 -1.6439E+00 -1.2818E-01  1.1369E+01 -3.2573E-01 -1.0372E-16  1.7455E-14  0.0000E+00  0.0000E+00
  9.6429E-01  9.2571E-02 -1.6449E+00 -1.2947E-01  1.1369E+01 -4.1768E-01  2.1382E-16  6.4008E-14  0.0000E+00  0.0000E+00
  9.7143E-01  9.3257E-02 -1.6460E+00 -1.3077E-01  1.1369E+01 -5.1103E-01  6.5917E-16  5.0244E-14  0.0000E+00  0.0000E+00
  9.7857E-01  9.3943E-02 -1.6470E+00 -1.3217E-01  1.1370E+01 -6.0704E-01  6.5866E-16 -5.0373E-14  0.0000E+00  0.0000E+00
  9.8571E-01  9.4629E-02 -1.6480E+00 -1.3356E-01  1.1370E+01 -7.0653E-01  5.9450E-16  3.3912E-14  0.0000E+00  0.0000E+00
  9.9286E-01  9.5314E-02 -1.6491E+00 -1.3494E-01  1.1371E+01 -8.1124E-01  5.8802E-16 -3.5571E-14  0.0000E+00  0.0000E+00

      S        DMerc        DShear       DCurr       DWell       Dgeod
----------------------------------------------------------------------------------------------------
  7.1429E-03 -1.2477E+07  1.1142E+00 -8.7502E+01  0.0000E+00 -1.2477E+07
  1.4286E-02 -6.6231E+04  3.7709E+00 -2.2908E+01  0.0000E+00 -6.6211E+04
  2.1429E-02 -3.7511E+03  1.2811E+00 -3.0060E+00  0.0000E+00 -3.7494E+03
  2.8571E-02 -6.0065E+02  4.7808E-01 -4.8409E-01  0.0000E+00 -6.0065E+02
  3.5714E-02 -1.6919E+02  2.4389E-01 -8.8925E-02  0.0000E+00 -1.6934E+02
  4.2857E-02 -6.3043E+01  1.6934E-01 -2.1688E-02  0.0000E+00 -6.3191E+01
  5.0000E-02 -2.6296E+01  1.4558E-01 -2.1245E-02  0.0000E+00 -2.6420E+01
  5.7143E-02 -1.1625E+01  1.4273E-01 -3.5860E-02  0.0000E+00 -1.1732E+01
  6.4286E-02 -5.4205E+00  1.4509E-01 -4.8758E-02  0.0000E+00 -5.5168E+00
  7.1429E-02 -2.7344E+00  1.5030E-01 -6.0151E-02  0.0000E+00 -2.8245E+00
  7.8571E-02 -1.5981E+00  1.5315E-01 -6.3316E-02  0.0000E+00 -1.6880E+00
  8.5714E-02 -1.1346E+00  1.5601E-01 -6.4377E-02  0.0000E+00 -1.2263E+00
  9.2857E-02 -9.6321E-01  1.5642E-01 -6.0527E-02  0.0000E+00 -1.0591E+00
  1.0000E-01 -9.1529E-01  1.5712E-01 -5.7060E-02  0.0000E+00 -1.0154E+00
  1.0714E-01 -9.0989E-01  1.5639E-01 -5.1056E-02  0.0000E+00 -1.0152E+00
  1.1429E-01 -9.1694E-01  1.5642E-01 -4.6771E-02  0.0000E+00 -1.0266E+00
  1.2143E-01 -9.2290E-01  1.5562E-01 -4.1673E-02  0.0000E+00 -1.0368E+00
  1.2857E-01 -9.2311E-01  1.5564E-01 -3.7999E-02  0.0000E+00 -1.0407E+00
  1.3571E-01 -9.1476E-01  1.5515E-01 -3.3964E-02  0.0000E+00 -1.0359E+00
  1.4286E-01 -9.0118E-01  1.5555E-01 -3.1445E-02  0.0000E+00 -1.0253E+00
  1.5000E-01 -8.8246E-01  1.5559E-01 -2.8583E-02  0.0000E+00 -1.0095E+00
  1.5714E-01 -8.5998E-01  1.5646E-01 -2.7011E-02  0.0000E+00 -9.8943E-01
  1.6429E-01 -8.3360E-01  1.5689E-01 -2.4954E-02  0.0000E+00 -9.6554E-01
  1.7143E-01 -8.0519E-01  1.5796E-01 -2.3715E-02  0.0000E+00 -9.3943E-01
  1.7857E-01 -7.7421E-01  1.5867E-01 -2.2098E-02  0.0000E+00 -9.1078E-01
  1.8571E-01 -7.4124E-01  1.5997E-01 -2.1099E-02  0.0000E+00 -8.8010E-01
  1.9286E-01 -7.0708E-01  1.6085E-01 -1.9752E-02  0.0000E+00 -8.4818E-01
  2.0000E-01 -6.7184E-01  1.6225E-01 -1.8833E-02  0.0000E+00 -8.1526E-01
  2.0714E-01 -6.3611E-01  1.6331E-01 -1.7619E-02  0.0000E+00 -7.8179E-01
  2.1429E-01 -6.0014E-01  1.6487E-01 -1.6912E-02  0.0000E+00 -7.4810E-01
  2.2143E-01 -5.6409E-01  1.6607E-01 -1.5879E-02  0.0000E+00 -7.1428E-01
  2.2857E-01 -5.2777E-01  1.6772E-01 -1.5231E-02  0.0000E+00 -6.8026E-01
  2.3571E-01 -4.9206E-01  1.6907E-01 -1.4366E-02  0.0000E+00 -6.4677E-01
  2.4286E-01 -4.5691E-01  1.7079E-01 -1.3829E-02  0.0000E+00 -6.1387E-01
  2.5000E-01 -4.2234E-01  1.7217E-01 -1.2927E-02  0.0000E+00 -5.8159E-01
  2.5714E-01 -3.8861E-01  1.7393E-01 -1.2430E-02  0.0000E+00 -5.5011E-01
  2.6429E-01 -3.5588E-01  1.7541E-01 -1.1677E-02  0.0000E+00 -5.1961E-01
  2.7143E-01 -3.2394E-01  1.7718E-01 -1.1163E-02  0.0000E+00 -4.8995E-01
  2.7857E-01 -2.9304E-01  1.7871E-01 -1.0504E-02  0.0000E+00 -4.6124E-01
  2.8571E-01 -2.6332E-01  1.8056E-01 -1.0138E-02  0.0000E+00 -4.3375E-01
  2.9286E-01 -2.3476E-01  1.8210E-01 -9.5207E-03  0.0000E+00 -4.0734E-01
  3.0000E-01 -2.0714E-01  1.8388E-01 -8.9891E-03  0.0000E+00 -3.8203E-01
  3.0714E-01 -1.8093E-01  1.8543E-01 -8.4241E-03  0.0000E+00 -3.5794E-01
  3.1429E-01 -1.5573E-01  1.8725E-01 -8.0136E-03  0.0000E+00 -3.3497E-01
  3.2143E-01 -1.3168E-01  1.8880E-01 -7.4443E-03  0.0000E+00 -3.1304E-01
  3.2857E-01 -1.0860E-01  1.9057E-01 -7.0029E-03  0.0000E+00 -2.9217E-01
  3.3571E-01 -8.6978E-02  1.9218E-01 -6.5510E-03  0.0000E+00 -2.7261E-01
  3.4286E-01 -6.6246E-02  1.9397E-01 -6.2040E-03  0.0000E+00 -2.5401E-01
  3.5000E-01 -4.6593E-02  1.9551E-01 -5.6612E-03  0.0000E+00 -2.3644E-01
  3.5714E-01 -2.8055E-02  1.9726E-01 -5.2870E-03  0.0000E+00 -2.2003E-01
  3.6429E-01 -1.0688E-02  1.9888E-01 -4.9142E-03  0.0000E+00 -2.0465E-01
  3.7143E-01  5.9270E-03  2.0065E-01 -4.6396E-03  0.0000E+00 -1.9008E-01
  3.7857E-01  2.1539E-02  2.0223E-01 -4.2453E-03  0.0000E+00 -1.7644E-01
  3.8571E-01  3.6189E-02  2.0403E-01 -4.0130E-03  0.0000E+00 -1.6383E-01
  3.9286E-01  4.9930E-02  2.0563E-01 -3.7412E-03  0.0000E+00 -1.5196E-01
  4.0000E-01  6.3072E-02  2.0739E-01 -3.4478E-03  0.0000E+00 -1.4087E-01
  4.0714E-01  7.5163E-02  2.0900E-01 -3.2046E-03  0.0000E+00 -1.3063E-01
  4.1429E-01  8.6623E-02  2.1080E-01 -3.0371E-03  0.0000E+00 -1.2114E-01
  4.2143E-01  9.7333E-02  2.1241E-01 -2.8157E-03  0.0000E+00 -1.1227E-01
  4.2857E-01  1.0758E-01  2.1419E-01 -2.5947E-03  0.0000E+00 -1.0401E-01
  4.3571E-01  1.1690E-01  2.1587E-01 -2.5173E-03  0.0000E+00 -9.6461E-02
  4.4286E-01  1.2586E-01  2.1764E-01 -2.2971E-03  0.0000E+00 -8.9478E-02
  4.5000E-01  1.3426E-01  2.1927E-01 -2.0483E-03  0.0000E+00 -8.2956E-02
  4.5714E-01  1.4214E-01  2.2108E-01 -1.9386E-03  0.0000E+00 -7.7000E-02
  4.6429E-01  1.4932E-01  2.2280E-01 -1.8895E-03  0.0000E+00 -7.1598E-02
  4.7143E-01  1.5635E-01  2.2460E-01 -1.6770E-03  0.0000E+00 -6.6574E-02
  4.7857E-01  1.6285E-01  2.2629E-01 -1.5384E-03  0.0000E+00 -6.1896E-02
  4.8571E-01  1.6900E-01  2.2818E-01 -1.4351E-03  0.0000E+00 -5.7742E-02
  4.9286E-01  1.7463E-01  2.2992E-01 -1.3949E-03  0.0000E+00 -5.3898E-02
  5.0000E-01  1.8030E-01  2.3177E-01 -1.1120E-03  0.0000E+00 -5.0356E-02
  5.0714E-01  1.8533E-01  2.3354E-01 -1.0500E-03  0.0000E+00 -4.7161E-02
  5.1429E-01  1.9024E-01  2.3552E-01 -9.8113E-04  0.0000E+00 -4.4299E-02
  5.2143E-01  1.9471E-01  2.3737E-01 -1.0024E-03  0.0000E+00 -4.1656E-02
  5.2857E-01  1.9934E-01  2.3930E-01 -6.9181E-04  0.0000E+00 -3.9260E-02
  5.3571E-01  2.0336E-01  2.4125E-01 -7.7661E-04  0.0000E+00 -3.7114E-02
  5.4286E-01  2.0742E-01  2.4331E-01 -7.0536E-04  0.0000E+00 -3.5187E-02
  5.5000E-01  2.1126E-01  2.4525E-01 -5.5070E-04  0.0000E+00 -3.3439E-02
  5.5714E-01  2.1504E-01  2.4736E-01 -4.3697E-04  0.0000E+00 -3.1878E-02
  5.6429E-01  2.1841E-01  2.4948E-01 -5.7338E-04  0.0000E+00 -3.0506E-02
  5.7143E-01  2.2198E-01  2.5167E-01 -4.0920E-04  0.0000E+00 -2.9279E-02
  5.7857E-01  2.2529E-01  2.5380E-01 -3.6627E-04  0.0000E+00 -2.8141E-02
  5.8571E-01  2.2855E-01  2.5616E-01 -3.7796E-04  0.0000E+00 -2.7231E-02
  5.9286E-01  2.3163E-01  2.5841E-01 -3.8525E-04  0.0000E+00 -2.6389E-02
  6.0000E-01  2.3494E-01  2.6080E-01 -2.1135E-04  0.0000E+00 -2.5647E-02
  6.0714E-01  2.3782E-01  2.6319E-01 -3.3460E-04  0.0000E+00 -2.5043E-02
  6.1429E-01  2.4094E-01  2.6575E-01 -2.7116E-04  0.0000E+00 -2.4541E-02
  6.2143E-01  2.4384E-01  2.6826E-01 -3.6723E-04  0.0000E+00 -2.4054E-02
  6.2857E-01  2.4698E-01  2.7089E-01 -2.1533E-04  0.0000E+00 -2.3694E-02
  6.3571E-01  2.4982E-01  2.7357E-01 -3.1668E-04  0.0000E+00 -2.3430E-02
  6.4286E-01  2.5288E-01  2.7637E-01 -2.9309E-04  0.0000E+00 -2.3196E-02
  6.5000E-01  2.5585E-01  2.7914E-01 -2.6003E-04  0.0000E+00 -2.3034E-02
  6.5714E-01  2.5895E-01  2.8208E-01 -1.7284E-04  0.0000E+00 -2.2965E-02
  6.6429E-01  2.6177E-01  2.8511E-01 -4.2887E-04  0.0000E+00 -2.2911E-02
  6.7143E-01  2.6502E-01  2.8820E-01 -2.6907E-04  0.0000E+00 -2.2908E-02
  6.7857E-01  2.6807E-01  2.9130E-01 -2.8884E-04  0.0000E+00 -2.2939E-02
  6.8571E-01  2.7127E-01  2.9464E-01 -3.0152E-04  0.0000E+00 -2.3068E-02
  6.9286E-01  2.7436E-01  2.9795E-01 -3.9851E-04  0.0000E+00 -2.3186E-02
  7.0000E-01  2.7787E-01  3.0139E-01 -1.3505E-04  0.0000E+00 -2.3379E-02
  7.0714E-01  2.8097E-01  3.0493E-01 -3.4745E-04  0.0000E+00 -2.3611E-02
  7.1429E-01  2.8447E-01  3.0866E-01 -3.0713E-04  0.0000E+00 -2.3886E-02
  7.2143E-01  2.8783E-01  3.1238E-01 -3.9888E-04  0.0000E+00 -2.4154E-02
  7.2857E-01  2.9155E-01  3.1626E-01 -2.1650E-04  0.0000E+00 -2.4494E-02
  7.3571E-01  2.9501E-01  3.2028E-01 -4.0678E-04  0.0000E+00 -2.4858E-02
  7.4286E-01  2.9886E-01  3.2439E-01 -2.7785E-04  0.0000E+00 -2.5258E-02
  7.5000E-01  3.0259E-01  3.2859E-01 -2.8294E-04  0.0000E+00 -2.5717E-02
  7.5714E-01  3.0654E-01  3.3301E-01 -2.3437E-04  0.0000E+00 -2.6236E-02
  7.6429E-01  3.1036E-01  3.3752E-01 -4.1084E-04  0.0000E+00 -2.6746E-02
  7.7143E-01  3.1459E-01  3.4216E-01 -2.4195E-04  0.0000E+00 -2.7327E-02
  7.7857E-01  3.1864E-01  3.4693E-01 -3.5929E-04  0.0000E+00 -2.7933E-02
  7.8571E-01  3.2305E-01  3.5192E-01 -2.7852E-04  0.0000E+00 -2.8596E-02
  7.9286E-01  3.2730E-01  3.5694E-01 -3.5167E-04  0.0000E+00 -2.9293E-02
  8.0000E-01  3.3198E-01  3.6219E-01 -9.9063E-05  0.0000E+00 -3.0113E-02
  8.0714E-01  3.3631E-01  3.6764E-01 -3.9609E-04  0.0000E+00 -3.0938E-02
  8.1429E-01  3.4112E-01  3.7325E-01 -2.5910E-04  0.0000E+00 -3.1865E-02
  8.2143E-01  3.4579E-01  3.7896E-01 -3.2642E-04  0.0000E+00 -3.2836E-02
  8.2857E-01  3.5086E-01  3.8490E-01 -1.6047E-04  0.0000E+00 -3.3880E-02
  8.3571E-01  3.5563E-01  3.9109E-01 -4.6153E-04  0.0000E+00 -3.5000E-02
  8.4286E-01  3.6096E-01  3.9733E-01 -1.4006E-04  0.0000E+00 -3.6225E-02
  8.5000E-01  3.6602E-01  4.0381E-01 -1.7512E-04  0.0000E+00 -3.7613E-02
  8.5714E-01  3.7134E-01  4.1061E-01 -1.9764E-04  0.0000E+00 -3.9073E-02
  8.6429E-01  3.7655E-01  4.1754E-01 -3.3645E-04  0.0000E+00 -4.0657E-02
  8.7143E-01  3.8209E-01  4.2468E-01 -1.3157E-04  0.0000E+00 -4.2457E-02
  8.7857E-01  3.8748E-01  4.3206E-01 -2.6008E-04  0.0000E+00 -4.4321E-02
  8.8571E-01  3.9327E-01  4.3974E-01 -2.0673E-04  0.0000E+00 -4.6264E-02
  8.9286E-01  3.9884E-01  4.4757E-01 -2.8218E-04  0.0000E+00 -4.8441E-02
  9.0000E-01  4.0466E-01  4.5559E-01  9.6297E-05  0.0000E+00 -5.1026E-02
  9.0714E-01  4.1023E-01  4.6406E-01 -2.2737E-04  0.0000E+00 -5.3602E-02
  9.1429E-01  4.1607E-01  4.7276E-01 -1.8646E-04  0.0000E+00 -5.6501E-02
  9.2143E-01  4.2157E-01  4.8154E-01  5.1344E-05  0.0000E+00 -6.0020E-02
  9.2857E-01  4.2730E-01  4.9081E-01  6.4509E-05  0.0000E+00 -6.3576E-02
  9.3571E-01  4.3308E-01  5.0040E-01 -1.2911E-04  0.0000E+00 -6.7199E-02
  9.4286E-01  4.3882E-01  5.1017E-01  1.0112E-04  0.0000E+00 -7.1453E-02
  9.5000E-01  4.4341E-01  5.2033E-01  8.8996E-05  0.0000E+00 -7.7015E-02
  9.5714E-01  4.4943E-01  5.3093E-01 -9.6795E-06  0.0000E+00 -8.1482E-02
  9.6429E-01  4.5464E-01  5.4165E-01  2.5701E-04  0.0000E+00 -8.7266E-02
  9.7143E-01  4.5837E-01  5.5263E-01  8.2416E-04  0.0000E+00 -9.5085E-02
  9.7857E-01  4.6248E-01  5.6458E-01  1.4961E-04  0.0000E+00 -1.0225E-01
  9.8571E-01  4.6904E-01  5.7650E-01  3.5133E-04  0.0000E+00 -1.0781E-01
  9.9286E-01  4.7137E-01  5.8855E-01  1.0563E-03  0.0000E+00 -1.1824E-01
